941.1001961874149
940.8998394822968
942.1003353333081
941.8997195713278
941.114638089722
940.8999889666524
940.9253066973946
941.0995798824781
941.9503360427776
942.9001849753608
942.8997528473742
942.5367903215107
943.011651498466
943.8999180781407
944.1299119243777
943.8998039732247
943.9207972715244
944.100132317728
944.099648234428
944.0598108410167
944.1001774769134
943.8996007297463
943.2198806231993
942.4372743992348
942.0997007496148
942.0725990380731
941.8996326977923
941.9142737399568
942.3606178596775
941.9004404241588
940.6261942898337
944.3800371904425
960.1046241513097
984.9000416920202
1005.2974516828085
1010.5395748758225
1002.9004254500828
992.7572756663358
987.1003328114161
985.7326818109365
985.8830671760101
986.1000786055716
985.8996782029853
985.2178587889665
984.9002705295419
985.3839449115809
984.9000399434215
981.4582864926924
976.3855570016759
973.1003637947521
972.6289970050032
973.0996745322662
973.1000838244839
972.8998457632551
972.9432472454569
973.1003362945374
973.0996234977782
972.8918374598564
972.6253081865648
972.0999939734917
970.6195436487615
968.1504259559822
965.8996752981936
964.9000091791527
964.8996053310395
965.1002773825483
965.0795038867675
964.9000212677507
964.9003853133419
965.1580229908978
965.2415008177607
965.0998494947677
965.4548986670916
966.4495086715461
967.0998273034733
966.8996237194373
966.5860980906234
966.769734019123
967.1004528564988
967.1001319146928
966.9003834912628
966.9125871034246
967.0996928209568
966.8995764331086
966.0809397829893
965.213115264668
964.900125033592
965.0996134667432
965.295923116199
964.9002510748985
963.8996885405711
963.1004616528405
962.9346904514163
962.8997985109847
963.1002593818596
964.4998012043067
966.747714353853
968.0999764494543
968.0813869815902
967.900286901264
968.0999181797538
967.899748676692
966.9477270674764
966.1212386500525
966.0998435889783
966.0996758337435
965.1416236424656
964.1595118688048
965.1004997256812
967.9675520325934
970.6947957590219
971.8999284843567
971.9585209294866
971.6370355719391
971.2534559424824
970.8998698466316
970.4549057215758
969.8996509269292
969.9047188174801
970.4842729889386
968.9003741839873
961.8160133185754
950.2372373377501
939.0999019450968
931.423347535962
926.1003696711438
921.4480629552562
917.6279037904974
915.2397236922507
913.8998878940811
912.900167272291
912.0995173407173
911.4539381852065
910.4802055808051
909.0999643006847
908.1337052283371
908.014988352518
908.0996374234429
907.8999776461405
907.7459903272619
907.8998345009242
908.1001900988628
907.9942456347235
907.4718330881345
906.8998344847779
906.8996933371235
907.347322147996
907.4124979814073
907.100263071512
907.2775710707965
907.8995948852706
908.1001390424674
907.8989999958231
907.8995310841506
907.8999817025111
907.4380482911904
906.8997663144396
906.9327627881894
907.4450832336721
907.9000390883067
908.0995476219357
908.1000374917884
907.9014619141924
907.899550766715
908.5983688492865
909.1001117322369
908.1676373408192
908.0996093962613
914.2467520970245
928.899871932823
949.083502307634
971.1531977984108
993.0997767147701
1012.2018775028555
1025.900346356622
1035.576659543071
1044.8999253351906
1054.5131598580567
1062.1000062831117
1066.864831425425
1070.422142658732
1073.8996267956327
1077.1000523787136
1080.0546768989336
1082.9262108307316
1084.9001407551282
1085.4685449576382
1086.0316243748011
1087.900338426849
1089.8338514930783
1090.0995771172045
1089.7943030961271
1091.4567806943012
1095.2387453218143
1098.9001604487505
1101.1000311931364
1102.5554308272717
1104.1004006534142
1105.4163239872498
1106.0996032034263
1106.9000312020528
1108.8995365996975
1111.2469085530488
1110.9002115019682
1106.2989225283764
1100.2993560362024
1096.8996768485258
1096.244969386944
1095.9001074457578
1095.0998269140157
1094.0345063515426
1091.2476801309754
1086.1003395001778
1082.0997860275304
1083.1033056404817
1086.100293279398
1081.6718765515323
1063.8998722032222
1038.071018807847
1016.09987372054
1005.2390427468788
1003.3469293882156
1003.899709537442
1002.9002970352519
1000.8995955546051
1000.1002509244579
1000.8172579489834
1001.0997352220272
999.0998533340578
995.001043746995
990.6913365971328
987.9071580479737
986.8996227068333
986.8288790201526
986.8999502755547
986.8998595710235
986.9416944920844
986.9004951283256
986.6270179602641
986.7818078746303
988.0996929126285
989.6644654743213
989.8279901292582
988.9001026359673
988.7693552211826
989.8998711448751
990.9004356819337
990.9002260657161
990.1057691088953
988.5569145726247
986.8997005731047
987.3484379276158
990.9001158696799
994.8794448142378
996.0996125032189
994.9373855828528
993.8999764878039
993.8997261560631
994.1004542606972
994.0590920931604
994.073231538343
994.1000645494084
993.9001998072137
993.8998116268862
994.4708694783359
994.7909899559945
994.0517633520445
993.0997568256464
993.0995536124467
993.598274980666
993.5544034658574
993.0760733232103
992.9003148589952
993.100036233986
993.0931710036475
992.9003887725817
994.0996189643456
998.2595175515185
1004.0661319726855
1008.0998425906685
1009.0997574256651
1008.9685148563904
1009.0996925506881
1008.8218447867159
1008.1000382810394
1008.0997656745066
1007.9003462041371
1004.4253962413432
997.2219125227492
990.1000235718903
986.712753432142
986.8747924823781
987.9003099067492
987.8998439554364
987.1770909982966
986.8997784443495
987.1584929340805
987.3640579312915
988.0998366563347
990.5040628747413
993.8200052034791
995.8999752840272
996.1649799099558
995.899743709933
995.9627583264091
996.1000528552419
996.0338500626169
995.8995870888062
995.9199187837692
996.100423206514
996.1001580368353
995.6850038514548
995.2352766693881
995.1000863587931
994.9047955598447
994.3547083895693
993.9002547207099
993.9000030181708
994.076545869279
994.1002883112718
993.9637743670992
993.8995445371397
994.0999325955889
994.0889423574426
993.0045473728546
991.1369775637414
989.9311008821255
989.9000787381088
990.0998627462295
989.9520599070072
989.9000518500283
990.0996370491798
990.1195126383094
990.1736590295504
990.9001174253164
991.3487609012315
989.1842538949209
984.099920750042
979.1006598701698
976.9004013781847
976.8997467180559
977.1002696665399
976.9868354060674
977.032088357862
977.0996557108467
976.906504145575
976.8999959498046
977.2487775227563
976.8997809720885
975.1002856949729
972.9354970518345
971.899888023266
971.94155494829
972.1001740095375
972.0019298975272
971.8997869339553
971.9992969106801
972.0999532613936
971.8995206818126
972.0351547457437
974.0997277126306
978.3493585589254
982.2053588925903
982.7326798173052
980.0997021486756
977.100206973313
975.8010085796334
976.100033353929
977.1004492766914
978.33761854922
979.220503477921
978.1000841575266
973.4830233904053
966.9354811139369
962.9000370083578
963.783671082401
966.8764236137357
968.1000905313183
967.0999116282982
966.4631659034843
967.2721057808366
967.9003313429344
967.0925448222652
966.0997619828959
966.5722629439854
967.8265394001562
968.1003360596724
967.3732858978308
966.8997596381738
967.0026813879981
967.0999790121055
966.9997985769887
966.8999768500822
966.5888145807081
965.26245155355
962.2144904748736
957.899665334584
954.0999347129974
952.3816673667902
952.5271893099776
953.099643933867
953.0999856544172
952.4337041423473
951.4903520272419
950.8998254959963
950.9795245584911
951.100249610785
950.397885147833
949.0997620377283
948.1004429247653
947.5349973407342
947.100254193986
947.1004508686588
947.6132360987339
947.6498983691832
946.8997567685382
947.0158837901022
948.7428930598446
948.8998875920507
943.8544469319977
935.63967653813
930.1000249634059
928.9001525080238
928.6390437881954
927.9206237498754
929.1478142469391
932.8087736593127
935.9002048366353
936.6313563992512
936.0999933547507
935.6643910827886
936.1003879156906
938.0010308556751
940.6112479994043
942.1000295417796
942.1002287954249
941.8996712170427
942.0728245909817
942.1000398697612
941.9626357237108
942.1000430544378
942.1001760625396
941.2273733336256
940.0985953790494
940.0785846802515
941.0998247191064
941.8996420616518
942.1004989613008
942.0999881325492
941.5361677321516
939.8812115566009
937.9000468590118
936.8995410237169
936.9998339137386
937.1002729010557
936.5312104695007
936.4571669020913
938.8999786260234
943.8604937497179
948.6626478735043
951.1001398633053
951.6864865816646
951.8995315029266
952.1000351426326
952.0784138141065
952.0998473392178
953.0119284538409
956.1004349952332
962.0996898676142
969.8362842821001
977.0998418049004
982.9628844279295
988.0157005535526
992.8999650563113
997.9004480885525
1002.9925914954828
1007.1000628551017
1008.8065228871529
1009.1001794417226
1011.3479115784218
1016.8996243770026
1023.02386398763
1026.9003339298304
1029.1544376161964
1031.6457559724472
1034.099868935735
1035.100289005004
1035.1879482319991
1036.8029074518101
1040.9003062483357
1045.217819502491
1046.9922114672652
1046.403329161596
1046.1000954039419
1047.9003875058618
1051.0998156832313
1053.9248480315505
1055.624055682356
1056.5891620294972
1057.0999328858265
1057.0999834543381
1057.3329626430161
1059.4289299286652
1063.9003764768236
1068.8996138512546
1071.923377205841
1072.100253252779
1070.6224869573584
1069.899913253306
1071.6701008086357
1074.8948861477916
1076.9000739102985
1077.0876673410971
1077.1001274250389
1077.3657892999695
1076.8995375766142
1076.5036953930814
1078.531211319985
1083.100197166418
1087.3869749389007
1089.0996249331342
1088.7261090886557
1088.0999029923594
1088.241847378066
1088.9050665728155
1089.0997810732067
1088.0861874170012
1086.8997811879458
1088.025263563201
1092.0380513307703
1096.099842282977
1097.7173730240067
1097.9864113727526
1098.8999332860355
1099.8996952320485
1099.9004010143922
1099.9976361608337
1100.1000073864345
1095.1712367426233
1080.433728796674
1059.7187145147332
1043.1004963629841
1035.925600913678
1034.9435118884198
1035.1001742217857
1034.9486008199867
1034.9002237671307
1034.8998974319281
1034.9904273567722
1035.1003486409122
1034.1588501740944
1031.8997365074224
1030.511989317454
1031.900349885665
1034.695733995464
1036.2207411327977
1035.90032533386
1035.1005036505317
1034.8995377723588
1035.09993211468
1035.0314498994028
1034.8996578517
1035.4588609464313
1035.900498803442
1033.9001104543015
1029.0178936395735
1024.1004308013032
1021.8995536765542
1022.0998825023311
1022.880511172046
1023.4912420435489
1023.8998826342049
1023.6707236328801
1022.7172705471694
1021.9002598774576
1021.9000275314802
1022.4529629389947
1022.9718247556979
1023.1003511859197
1022.7425589341707
1022.1630778070402
1021.900029771426
1022.1004407261958
1022.1000909705713
1021.2846076094271
1020.2162207903366
1019.9004742743366
1020.0998272667192
1019.7330668692716
1018.6997347457966
1017.9003004505541
1017.9001477747037
1018.670965403934
1019.9004755078869
1020.899787694061
1021.1004569063659
1020.8870598097712
1021.116341274657
1021.8204826985733
1022.1001329362573
1021.3891489809183
1020.3085563050632
1019.8853883215952
1020.1002135905504
1019.8996530883832
1018.8998345942138
1018.0389300074885
1017.89996268257
1017.899508806488
1017.9000823902957
1018.3159479247939
1017.899959810438
1014.6790434776882
1009.8493153819209
1007.1002300748962
1007.5676440439399
1008.8999032453878
1009.2107202209543
1008.9001730686888
1008.8998791725356
1009.3369955620502
1009.848701098163
1010.1004618610126
1009.670573560775
1007.9166765292434
1004.8999452265884
1002.1013206279574
1000.8997536663244
1000.9003956238483
1001.0014068707652
1001.0998094704281
1001.6205489497769
1002.3892845218588
1002.8998319329121
1003.0694510564373
1003.0997834739568
1002.9004373367527
1002.2218037937844
1001.3060030555672
1000.801929835989
1000.8995672435824
1001.1001376836673
1001.0218728159791
1000.8999288357471
1001.012251517819
1001.1004694995223
1000.899576202026
1000.8999139648478
1001.6934078869303
1002.7585701114251
1003.0998471078484
1002.9000582243832
1003.0996483302729
1003.5285203759474
1002.9224120972334
1000.9003043985592
998.8997772126669
998.5306961697205
999.1620984049589
998.1004508131709
993.8478499713137
988.3244801017684
984.9001094998144
984.9002659528493
986.8624803572512
988.5834795579445
989.1000014176252
988.9233123052344
988.9000989542152
989.0995795185601
989.0290005232865
988.9003309811318
989.8034374196978
992.0012272637981
994.1567362910466
995.0998025442232
995.0999266925459
994.8995674698948
994.9002741611635
995.2238751357913
995.4426431691357
995.1000684540136
994.9003188966198
995.2945748364865
993.8995891096337
987.6867780519215
978.061656982563
970.0995138533808
966.390246171221
965.0995553772277
964.0182878914131
963.1003280468104
962.8995124891806
963.0998789737115
962.9382017655477
961.8995119162455
960.0480608466448
958.1004552515981
956.8998854608991
956.6582716906031
956.9001815426998
957.0996186747516
957.1003568852665
956.9775393348446
956.8996279363655
957.02429417435
957.1001104722967
956.6720689987337
956.1000089352854
956.256479388091
956.9001509701138
956.9503138294369
956.3441765294525
955.899929284808
955.9003686479487
956.2419940530889
956.8999924555288
957.4028506976636
957.4223725845577
958.1002026008908
960.67368455431
963.9979660890616
965.9001676822623
966.2562360144831
966.0999855068064
965.1380352190297
962.9756715254902
961.0998461755491
960.8995267337974
961.1000588037696
959.5577872938056
956.843928606043
955.8996559415571
958.0646892354206
961.3227451569015
963.1000810202047
963.099966247301
962.5253198201667
962.1004497616868
961.8999898468704
961.9628904883127
962.10045387665
961.9169890268913
961.9000060872214
963.5212225221724
967.100311984513
970.8997767098849
973.7934263233695
976.900181072114
980.7826516087976
983.6589302582004
984.9000826560076
987.5086672991838
993.9001985167798
1001.4557903649722
1005.4682324437017
1004.8997806409402
1002.5432386689173
1000.6532674774545
998.9397319166558
996.9004107507405
996.1000958729849
998.5686024139566
1003.5947309729552
1007.8999716079054
1009.1592633839573
1008.4022265954949
1008.8997466648732
1012.509214772652
1016.8998917107754
1017.9226424866309
1015.0999411744136
1012.09964645628
1011.4345562726928
1011.9001132507246
1011.6171115070125
1010.8200740700636
1010.8995989935819
1011.7083703643448
1010.9002124539019
1007.6145021364264
1005.9929852606026
1011.0996709390362
1021.5461182482462
1030.9002863405633
1036.162681383336
1039.899901145526
1044.312984849442
1048.1142215082766
1049.900403668502
1050.9436653106209
1053.0998001392065
1055.9643140462672
1057.9002936765166
1058.754729733242
1059.701640587855
1061.099702661969
1062.1001813383218
1062.0998658443407
1061.5977727836141
1061.295287801723
1060.9002863766223
1060.3673297678542
1062.0999108936023
1068.6348774003427
1077.6252602036973
1083.3399904422924
1083.9414129274612
1082.9004208103968
1082.8997547351103
1083.1000717661327
1082.812696164114
1083.1054973597397
1083.9000027270451
1083.8484203320197
1084.099829379336
1087.7210586288475
1094.1719968280943
1098.869191413269
1099.3823055963087
1097.8996566197723
1097.0370952840412
1097.099748022924
1097.6016074968657
1098.100458706354
1097.6228502893632
1096.0998049645693
1095.9004003410744
1098.9985916680416
1103.2637465532373
1104.8998161560123
1103.793058234001
1102.9001476117173
1103.5547257206883
1104.899684139874
1106.1002605334854
1105.9000564470684
1102.6073885009716
1097.5857642967403
1095.8482069222737
1100.1001940728804
1106.6339276417423
1109.8999637333638
1108.9729549955853
1106.8998914101103
1105.9003588755274
1106.0630839394673
1107.1000250055454
1108.923099758079
1110.9000946238964
1111.0452838991346
1106.3342954644443
1095.9971315184475
1084.5425106371683
1078.0998499243951
1077.5907229547956
1078.8999018961756
1079.0997227048233
1078.8092213302461
1079.0233183257806
1079.100310984572
1078.4521388405947
1078.0998807491071
1079.1004896091351
1080.3502091110129
1079.9001326875152
1078.0466620955408
1076.9004014130903
1077.0996287321518
1077.0997291061121
1075.7946362475188
1074.1091547053004
1073.5115434722773
1074.0998827748206
1074.8700353896543
1075.1001384786673
1074.7401196528333
1074.0999734958627
1073.8021103534504
1074.3781528624402
1075.4595793068265
1076.0999393023872
1076.0620773613086
1075.8998729662007
1075.9004192183213
1076.0826027613584
1076.9000103933201
1078.4035176371794
1078.9948614701768
1076.9002250934295
1072.876473732651
1069.7235406673997
1069.0995411959727
1070.0999730723395
1070.770936635762
1070.1229378808812
1068.9423719010897
1068.8997325066446
1070.10003704972
1069.8995572125705
1066.1021261434648
1060.8077027099835
1058.100065249463
1058.4723147200943
1059.0996140758602
1058.9001096745308
1059.3567164164494
1060.8320684082537
1061.8999946909535
1062.100283672636
1062.0996403352683
1061.4571808735732
1059.100338266343
1055.735762598304
1053.4219783667068
1052.9001726474223
1053.100463010982
1053.0680713797906
1052.8998004766945
1052.900248523319
1052.9848455796484
1052.9764379577025
1052.900025591177
1052.900107953942
1052.861930510327
1052.2834009875692
1051.079809438119
1050.0999339767995
1049.9002274042748
1049.8995235421291
1049.9297642299953
1051.1000851593087
1053.537598430255
1055.0997964276808
1054.5035925440093
1054.1004450635469
1056.7088569965713
1060.8998168309781
1062.8998318849149
1062.2936340295362
1061.9563373166932
1063.0740759916262
1064.1001914703004
1064.0997069202085
1063.8980546994442
1064.099943247877
1064.0998381701406
1063.2016759731166
1061.4530957329825
1058.900210512926
1055.0995944459305
1050.3907390712736
1046.5543422903456
1044.900247840523
1044.8236279066052
1045.0996042946288
1045.0996794568855
1044.6962829169167
1044.8999132904612
1047.6614863634695
1052.9000352768649
1057.4808996737934
1059.1003439575527
1058.919783200732
1058.8996369627807
1059.1002978978684
1058.9000057398132
1058.6418182506536
1058.826634380787
1059.1002961244537
1059.011530099424
1058.899942346626
1059.2453254976192
1059.785598180767
1060.05449923264
1060.1000519833176
1059.8995196583116
1059.099147979816
1058.1000086502065
1058.0191206873556
1058.8384983322187
1059.0442818551214
1057.9000135279487
1056.900272768419
1057.8571514376706
1060.2363225953595
1061.899558521223
1062.0999256626196
1061.8996975294524
1061.960588048286
1061.9530933295152
1061.899995469265
1062.0995371131157
1061.8139175277697
1060.1000080847866
1058.2324286604246
1059.0461127661001
1062.8997320397038
1066.4898028815655
1067.100334315684
1065.8995384050377
1065.3671845293125
1065.705508968094
1065.8998662561596
1066.1951318992415
1067.0022625318472
1067.0999592065943
1065.4038264421765
1063.0809885459519
1061.900449257839
1061.899955894724
1062.1004673508169
1062.0587200191317
1061.8996927480523
1062.0849541399707
1063.099908926545
1064.308936314258
1064.0997340035542
1062.3176277351372
1061.100355311497
1062.0998827156561
1064.670015587956
1067.9003068742456
1071.9874636134011
1076.31493641384
1078.900271879119
1078.9827217433867
1077.9004455537713
1076.9487897982258
1076.1156053808177
1074.9000026277324
1073.483731906722
1072.958886919781
1073.9002699696653
1075.0390320691636
1074.8998524926512
1074.1003779246416
1073.9416226705225
1073.8997427773388
1073.1003561546604
1072.8999673569265
1075.0713913485756
1078.5777698879756
1080.9002908504008
1081.3948060001424
1080.8998689125967
1079.524300421655
1077.170945613061
1074.900111550859
1073.8996430279603
1073.975162150633
1074.1003099122026
1073.7800223062532
1073.0769347059013
1071.899921934537
1070.519676121203
1070.2583282417734
1071.8996774240625
1074.1956253182402
1075.8996226530996
1077.7754344483837
1080.556494908881
1082.900051447073
1083.3554127079142
1082.7478884034174
1082.8999559961935
1083.437456392231
1081.3298058563319
1074.8997971295353
1067.2315536980773
1063.1003834747112
1063.4973492175343
1065.899979453339
1068.336444318769
1070.3967580905478
1071.899825530375
1072.7039323148838
1072.899683341686
1072.9003316105686
1073.9436110651766
1077.100079788689
1081.2232244089357
1083.9002018429599
1084.4434869019747
1083.8995996530844
1083.100040824877
1082.8995898874086
1084.6966725543316
1088.3320260030218
1091.055257396586
1090.899617962851
1089.8996153029675
1091.6568622290824
1096.2646714533691
1100.1002087980203
1100.8996575715387
1100.3469808503055
1100.3260077145123
1099.0996814828568
1093.6881787618677
1085.1000004107273
1079.0715886408934
1081.0995841532126
1091.0871706733706
1103.099980764329
1110.7872250856144
1112.8999341277495
1112.5507285359763
1111.9003884831902
1110.3209744479782
1107.650865101693
1105.899704189976
1106.7990224341052
1109.1002231065138
1108.0997527986078
1098.389529323008
1079.8998032935147
1060.7019207572607
1049.899740542131
1047.8996997984084
1047.423855950381
1043.622357171577
1038.9003798614735
1037.2179430452695
1037.8996889040204
1037.6524775740745
1035.8217911179331
1034.1000569051666
1032.7872451900196
1030.8998225798327
1028.6346679348233
1026.9001077403232
1025.8997397238127
1025.8054555678577
1026.9004109452108
1028.4069555505237
1029.099696455217
1028.9936305720985
1028.9001105761783
1028.7955100167517
1027.8698228472917
1026.0996115666087
1024.9000046232663
1025.507625755424
1027.0068311900748
1027.0999599918587
1024.9004479926368
1021.8390783528641
1019.8996706398549
1019.8999466978967
1020.7830628633933
1019.8999572584302
1015.6811145251181
1010.4602028809846
1008.0998444236502
1008.9103666400067
1010.042432627598
1010.1003190988305
1009.9093547227621
1009.8999156455798
1009.900161591468
1010.247892593682
1010.8939739420792
1010.8999150929822
1010.1002529157653
1009.6338824907834
1010.1433533454862
1010.8999424244057
1011.1004603510424
1010.9133669521378
1010.8996710623353
1011.0999663003828
1011.0996164417706
1010.7995310397677
1010.6642117715415
1010.9000307457591
1010.8995262689075
1010.1845356859466
1009.3395243127287
1009.1000628834953
1009.0999484251059
1008.6458351257589
1008.1004989406216
1008.0998670122424
1008.2436057968912
1008.100297763813
1008.0996383528498
1007.9002432667902
1005.9658415755206
1002.252249290807
999.0996768340422
998.3152814325404
999.1702742122809
999.9001378684534
999.899839910272
999.7909100456133
999.8999685677519
999.8997808609513
1000.0257076488983
1000.5775318250414
999.9004041770686
995.8998457489009
989.9924994543258
986.10009389773
985.5233080009921
986.099755673645
986.1003136000178
985.8998658451816
986.0497893894524
986.1002341325491
985.7912518275613
986.0999066984133
987.9062085837099
990.1253229530366
990.9001150297729
990.3115492633805
989.8996189802499
990.0576225337902
989.9002651500391
989.1000102146512
988.2738498689768
987.9223243621838
987.9002476973401
987.9000795338548
988.0319323472837
988.5616404726453
989.1405997894537
988.8999608531283
987.6721482989915
986.6706799307206
987.0999040623146
988.099678708843
987.5101667120434
985.2519972304093
983.8999608671063
984.6316148260803
985.0414818812122
982.8997789428188
979.6373520137831
977.9001505443199
977.8995310003621
978.1793799505872
978.0607119846746
977.8998603859809
978.1965279608942
978.899761546668
979.1003488475673
978.016957350466
976.2737503655549
975.1000198406593
974.815104629947
975.168781514192
975.90022403422
976.1000084337272
974.9408124307132
973.6015901274799
974.1002827396396
975.9000888329147
976.2809604927462
974.4505284815499
972.720453890355
972.9002123655409
973.8996838524748
974.1002517744828
973.8998952599859
974.2045889915096
974.4428571081903
974.1002439355677
974.1823248548992
974.8999630448415
974.1002238745813
970.7687537595536
968.1552308369862
970.0998584101287
975.2033307382578
977.8141817930632
974.945904799085
969.8623179724241
967.9004823980221
970.2367789581838
973.5396319729747
975.1000827115511
975.3547857212251
974.9001038742792
972.8996060572977
970.1001010834681
969.5346341327356
972.1529369061938
975.1001285377016
975.9004068280028
975.2962559197783
974.9000937299152
974.9041223125839
975.1003925697561
975.8999585649244
977.4006575888745
978.9003801794411
979.8997920744522
980.5367398648563
980.9001163746779
980.9816082405118
981.1760445769722
981.8998973940346
983.0485200536434
984.100237089905
984.1003132020796
982.1815001329542
979.1153570002472
977.0998799567392
976.9002331518856
976.7773476483015
975.5508266091733
975.0998900867766
977.806455379504
982.5967296138548
986.1004390116454
987.1002632856314
987.0640152087567
987.0242672904817
986.900228803481
987.0832823510113
987.8999518314974
988.379772066106
987.7360880836499
986.9001205878233
986.9001011684331
987.1097056926079
986.7740572177562
987.099731921654
989.7836077083626
993.9763044160089
996.9000014730436
997.365288189704
996.6442230840893
996.0996711102258
995.9001493962071
995.8997904441075
996.1003646097101
996.1790431179408
995.7615226306752
995.0552675419689
994.0641720573549
991.8995637448411
989.0841724625049
989.6752601083099
997.09985663664
1007.5225563141985
1012.0996304880462
1007.7294507626331
1001.3777806732362
1001.099912858326
1006.5914474806012
1011.9002143384472
1013.5896590238034
1011.8999775606237
1007.3510099236134
1001.0996484287646
996.2379568581279
994.7651490788844
995.1001742736184
995.031035049841
994.8997790115901
995.8012605064033
996.900309374279
996.9923157743077
997.0999265635475
998.8775778995274
1001.4079165514652
1002.2280412098058
1001.1004351354171
1000.0999858645702
999.9192768639639
998.9004554465622
996.3381272434135
994.0995337584849
993.9000155430227
994.8070692016386
994.8997272741166
995.2125306678945
1000.2271558086086
1012.0999932209598
1025.628318369186
1032.8995579556058
1032.3107737903572
1028.9002856643594
1026.9762454603708
1026.8996142766055
1027.6697060022886
1028.1004569831757
1026.7030020856268
1024.0998441857885
1023.8287231674269
1027.900264570297
1033.8110961492484
1038.0244429459683
1039.8998747083588
1040.6977623704304
1040.8939765122163
1039.9002594186356
1037.6623074556935
1035.380982286842
1034.0996641696086
1033.6612876841032
1034.1004811775742
1036.2390430788835
1039.5697638140855
1041.899539919185
1042.2625269718485
1041.9001375714352
1041.8999051063872
1042.020913427358
1041.936485458951
1041.8996877593147
1042.0465183673157
1042.0999390098157
1041.8996634580517
1041.5351257578395
1040.9000883023016
1039.8995651609528
1039.0837418735423
1039.100409372392
1039.6840928860104
1040.099595026003
1040.10039950619
1039.8995845454588
1039.9001039715604
1040.2377699979447
1039.8996190694313
1037.6099594084442
1034.217501362446
1032.1005068996649
1031.8814891259653
1032.0995661561942
1031.9407269349017
1031.9000557160502
1032.0995507905025
1032.0545016779274
1031.8999548003478
1032.0995326659095
1031.9606042036344
1030.1492154762593
1026.884379238776
1023.8998654181476
1022.100327664356
1021.0019650244234
1020.2462758969051
1019.899683365393
1019.8212483769272
1020.10005874177
1021.0997562618437
1022.2761923185379
1022.4333501056548
1021.6500847741025
1021.4054929082087
1022.3081583020681
1023.0997716867968
1022.860553620534
1023.0997755529813
1025.830305148737
1030.1057573535716
1032.9001016823781
1033.2467659660024
1032.8996099172439
1033.100116239365
1033.3184005730354
1033.0996673236411
1032.900212239259
1032.9814798999696
1033.0191888387317
1032.8999577445547
1032.9003062832028
1033.0350547859844
1033.0046062046317
1032.9000531057295
1033.1003428079007
1033.0998515468834
1031.6250426405159
1028.8276416508104
1026.9001948029734
1026.811655156715
1025.899735611598
1021.4123083888911
1015.3426943640135
1012.1001972419122
1012.099678242116
1012.2132216747284
1012.0999328015012
1014.4356070185213
1018.550697537301
1019.9001735356474
1017.0995493329393
1014.099549880958
1014.005706097942
1015.4031584781682
1016.006292524837
1015.8997226607277
1015.9309289167111
1015.8996564630742
1015.3974326240666
1014.6935980240961
1014.1001151701303
1013.018128152812
1010.0998756520922
1004.9692457642235
999.4893433042882
996.0999076066986
995.3360329927149
996.0997270500194
997.1001708934281
997.0997014372865
995.8223222418535
995.1800479536024
997.1000231049258
1000.3234019107346
1002.0996281609795
1002.1001507397855
1001.8997205682145
1002.0418847554578
1002.100033290711
1002.0996790518059
1002.1002502206094
1001.900182454187
1001.9253340058618
1002.4966166130222
1002.2641274400362
999.8998240109418
996.9005205457566
995.8998244566995
996.8997523483138
997.82344435112
997.8995394644306
998.100181092738
998.8318954057488
999.219893206108
998.899662531508
999.0998464774378
1000.8723002326093
1003.1011149620448
1003.8997191500674
1003.3339931845037
1002.9003234894824
1003.0495979531604
1003.0996983260693
1002.9001406965788
1002.9258144125998
1003.0995230261284
1002.9311732069373
1002.9004502947784
1004.2658595858531
1006.899633499561
1008.8998267264355
1009.2191483986672
1008.8998028190033
1008.9466912412801
1009.0226289503859
1008.9002575439117
1009.0998296601799
1009.4793808854643
1009.100234464496
1007.8997104542927
1006.7627847226371
1005.9005022555249
1004.9079270955959
1004.0998686191818
1003.9701955789682
1003.9001547637218
1003.1839034378112
1002.5915808500315
1003.0999324013653
1003.9067213267666
1003.9004613461378
1004.0998131875178
1005.2983888524186
1004.2254951507513
996.8998540870653
985.570247968507
977.1000560004492
974.5109579410431
974.9000722064437
975.1112101783882
974.9004313747861
974.8996430094288
975.0998463636997
975.5507611050785
976.5502957234418
977.9000545615353
978.9004142136273
979.201110834711
979.134092040388
979.1001300217966
979.1003110476038
979.1231818027182
979.3017508460529
979.0995560931831
977.52613897973
975.099925139092
973.7638492246626
973.8995411531625
973.9000186414085
973.2492856254692
973.0995915395117
973.7090298189098
974.1000171368958
973.9781311725894
973.8999228838225
974.0504893357113
974.1004461784992
973.8998400247663
974.0259560838755
975.8161621114986
980.1544786864317
985.9001538634817
990.8997120457725
995.0997926063254
1000.8201242727067
1009.3013610451862
1018.9004075975062
1027.086112321168
1032.6253772239784
1035.8999666453017
1038.1001423807606
1039.8996720459563
1040.9668265962327
1041.1003886519045
1040.9125429014798
1040.899855648628
1040.9222053999026
1040.9000730753617
1040.994992786824
1041.0530655949651
1040.9000272141795
1041.0636048063611
1042.100417255607
1043.4500649459271
1044.0999200910364
1044.0205819326945
1043.900429968401
1043.8999140281735
1043.563418383204
1042.9003266219745
1042.9313705869563
1044.0999347672048
1043.999447875601
1039.1040778984434
1030.0996678675726
1022.4616232177071
1019.9003144218703
1020.5388477992378
1021.0997758402206
1021.1004304098532
1021.4495451579596
1022.0995846005605
1022.1001379705555
1020.5211485970444
1018.0998486673266
1018.0602577250739
1022.2804538306772
1026.9004898074295
1026.2699688671532
1021.0417012060212
1017.1001949873483
1016.8999360082614
1017.7342224537828
1018.0454700512832
1019.0997631295859
1020.6488361075952
1021.0996137462325
1021.9001500870569
1026.086501509389
1032.5669276477079
1036.9003401813645
1037.5305113953082
1036.9003432706977
1036.8630303546242
1036.7711023705397
1035.8998968541312
1035.100288983329
1035.8997991292574
1039.100459226603
1044.114559403515
1049.0996852229273
1051.9768122515106
1052.0997915502744
1051.1629213512429
1051.6390168720643
1053.8996233578446
1055.9002272027817
1056.1000147785685
1055.2018516203784
1054.440508374797
1053.9786128262092
1053.9002830436038
1054.973865934068
1057.3455386422147
1059.8997812215614
1061.500728210724
1061.7819941798402
1061.0108523642825
1060.099769467994
1059.899533017248
1060.064567825422
1059.9002893949305
1060.0039473728568
1061.099873524388
1061.9523012445911
1060.9001576030773
1058.6113186455157
1056.8999692053726
1056.007568002269
1055.1004216760064
1054.0476316253198
1053.2981326609024
1053.0997097768986
1053.1001569019775
1051.8808656786782
1047.7525398430048
1041.2851152676403
1036.1000538335522
1035.3772932362358
1037.9770114347123
1039.9001720907868
1039.3119049914762
1038.1513165948743
1039.099572930497
1042.5281194876354
1045.663855309277
1043.8998178674103
1034.738357523838
1021.3262992735087
1010.0997304326308
1004.4191183869358
1002.41297397134
1000.8999518114729
999.0999987272156
998.0297517842085
997.9970565079037
998.099998235877
997.8996301597655
998.1004946731297
999.1003618596948
1000.3052523378706
1001.4556628580181
1003.1000447437177
1005.2497434568129
1006.8398902260087
1006.8997369397392
1005.9002072823438
1005.8996959871727
1008.5595736419879
1012.6517333664336
1015.099625528778
1014.899633223184
1014.0061530684955
1014.1581672060775
1015.1004221899171
1015.9567350421765
1016.0997799325891
1014.6390802680721
1011.0789286358419
1006.9001835685795
1004.900485150507
1005.5652817321006
1004.89979390831
998.5222510774495
988.0999386463295
980.2389796755368
978.2754684963465
979.0997107191838
978.900301519702
977.7529666654837
977.2000547436216
977.1002040614526
976.7282517440354
976.3572425378736
976.1002450565095
975.1046721131877
973.1000249238562
971.1004334233961
969.8842235627551
969.2435823807893
968.9001933658648
968.9005058074468
969.0999209096227
969.1001583143835
968.897028861805
969.1095853995655
969.899592963153
970.0999657813471
968.7935629954014
967.2152719940918
967.0999849872902
967.8996877838423
967.9274724620582
967.2073538739481
966.8999913827831
967.0922452378187
967.0998015792901
966.9003488518649
966.8995446288563
967.1002770484829
967.4137786427905
968.0996375730604
969.1003573318202
969.7602939953676
970.1002405020789
971.1303242249845
972.9232349402396
974.0998892995553
974.0996544389243
973.9385543561679
974.1004976648934
973.8436254149734
973.0998752561281
972.992871283327
973.9002982957122
974.5929754262866
973.8190069283222
971.8066522046339
969.9002425664532
969.1004901431256
969.099652725403
968.9708881988786
968.9001733605458
970.2248856250679
973.1000136128491
975.6422219078922
976.4146545434481
976.1004854087869
975.9000470807061
975.9931612738814
976.1004460554841
976.1493990140685
976.099866746699
975.9249743488468
975.9002004874665
976.5277106804572
977.8998685474231
979.251102701996
979.6535394767772
979.2147882510345
978.8999146821243
979.0334172028231
978.8996266592235
978.1002503962899
977.2288260970498
976.8998243362878
977.0997583371911
977.3177759294456
976.3898187061346
973.0997742860859
967.9338038930226
963.0995290516989
960.1000639367163
958.5040479831654
957.3093716393264
956.0998908957474
954.9000919873629
954.0996324392477
953.9334385199157
953.0999087857504
949.2791784577562
942.0778449226098
933.8995149336993
927.0999473550032
921.9547346064489
917.9261907938587
915.0998629526757
913.6798357810532
913.2551328469516
913.0996991437412
912.9000789706695
913.0997072672164
914.1974968682763
915.6490507456645
916.2972533149849
915.9003131855807
915.2273697975039
914.9003192690461
915.0999905771245
915.8672505553664
916.8266640113438
917.0999115307683
916.0997387029125
914.3579554874766
913.3567731409928
914.1004153249373
915.9000848367941
917.3110972017988
917.9004693773352
918.0999593184961
918.0912655568591
917.9840365140394
918.0998549583783
918.0996297774187
917.4625246424896
918.1004674903472
924.4210348870425
938.8997341413708
958.900212939698
979.099814657925
996.2397560679178
1010.9004072045714
1024.7601530495538
1036.900117969212
1044.7021377493081
1048.4220896625673
1051.9001349269045
1057.8668208584106
1065.1003284080955
1071.019096734755
1074.9971376431265
1078.099870069208
1080.9003346413876
1082.965876375576
1084.0999605674072
1084.900233955648
1085.9522950577357
1086.9642607847095
1087.0999351099044
1086.7030162254155
1088.1000563389873
1092.8996299783994
1098.899956748246
1102.2402461098036
1102.3945050381392
1102.174246847248
1103.0995086543442
1104.2508958782837
1105.9000298021142
1110.0774002213116
1115.8358349509815
1117.900099170503
1113.0039276760772
1104.6877761356113
1098.8999523716407
1097.3778832856551
1098.1002442439753
1099.6764575414434
1102.099519269352
1104.9703066970615
1107.900106435801
1110.8998124473583
1111.1004021342992
1101.267454616875
1076.862864023872
1044.4241348540397
1018.0998124104127
1006.8099668883667
1007.5167585461045
1010.9002492385943
1010.9000794847864
1008.3651156032707
1007.3358968402299
1009.3483164384852
1011.8996407118037
1011.8997817998093
1009.1322651320148
1005.6638503262955
1003.1000042777123
1001.4969661812981
1000.0501057174503
997.900309306139
994.9000451648363
991.9278769861572
989.9002200769072
988.8996965306972
988.8279526280492
989.8999272403333
991.8995347498087
993.8721759641581
994.8122515605288
994.137041008722
991.8680170564161
988.9411174228543
986.9004380434578
986.5473089840515
986.9000036094913
986.1171304601285
983.8400879754172
982.099712130876
983.0995804508817
986.4021108697384
989.2994803881344
989.8998047058701
988.8995424162003
988.1004310266992
988.0639664625891
988.0998215547665
988.1002531119865
988.9001018607953
990.5102384471379
991.5207714879457
991.1004166978536
990.099614825777
989.0998404598076
987.2366020102994
984.4639265608118
982.8997508447263
984.0289519030862
986.4420022336653
988.1000529137448
988.9769734457968
989.6936506654564
989.0997150357621
985.1002942154029
977.5327541405702
969.100039349755
963.1003892186802
961.0428800098664
963.0999924580974
968.9216950488728
975.9000821210622
979.0995059508389
976.723638877884
974.0998372899356
977.8584472726793
986.8996091273021
993.7344483071145
994.4062691881278
992.100048798139
990.899835925992
991.0373569526985
991.1004003745098
990.8997031968518
990.9001053076098
991.0997242886777
991.4498358554988
992.4637034874329
994.9003965211122
998.9000533686523
1003.2633120275331
1005.7875785015502
1005.1000722985646
1002.0997027321496
998.9003203850627
996.967629476171
996.8998438022313
998.4485531058367
999.8999224287164
999.5507695009186
998.4353140212279
999.0998583949741
1001.6923420877184
1004.0997598478149
1005.3222940180231
1005.9002573872019
1006.0853115907321
1006.0998469405769
1006.9005030188617
1008.2100892828844
1006.8998152406359
1000.3410097752537
991.100272880171
984.9423477831892
983.9124196671137
984.8999255442438
985.1002372902008
984.8997500051005
985.0790497714397
985.1002832103512
984.8997642892897
985.1178395789632
984.900319451364
982.5558167050198
978.9524190949718
977.0998483341018
977.8719442117257
979.0999234004865
979.1002401358458
978.5115355679022
978.4705658496175
978.8996751424077
979.100004005592
978.8997494676214
978.3593996728049
977.1000202089134
975.1003067505501
973.4161408763316
972.8999239039313
973.0736380125957
973.1003945189349
972.8995581177791
972.8998674004066
973.3441239738186
973.8996972740198
974.0275594329162
973.9004240272129
974.2263053227457
975.101174965387
976.0998237805438
977.100365174669
977.89987923693
977.9002179214854
977.1047709253846
976.3607464924055
976.0996406456109
975.9611845384275
975.8999517468955
976.3494200819284
976.9205065640514
976.4864585946343
975.0999105607375
974.0996946767052
973.9977795852101
974.1000358789814
974.099539176509
974.3236368349138
974.743046510555
974.9004247206784
974.5462556714904
974.0184329402598
974.0999776513237
975.1002625701135
976.1386455570812
976.0997502088915
975.045934653752
973.9003514389286
973.1495009766795
972.5963522974901
972.0998612359705
971.9000545552112
972.08542998361
972.0998862454232
971.2187139362768
969.5156837027007
967.900038419493
967.099651453709
967.017576711808
967.100323692616
967.0093826388276
966.9230405803066
967.0995855349015
967.1002745733562
966.2396276572489
965.0996042107051
965.1003775836339
966.0107114472039
965.899963421615
964.255915485395
962.9002879061453
963.099732055623
963.8805859918383
963.8420401078048
963.0880747484908
962.9004146600928
963.8698367117948
964.0999383019351
960.1473316802914
951.0999627349671
940.3800936972926
931.9003466676932
926.1000582684597
921.2291809449107
916.7382582313483
913.6105634152952
912.0997430323032
910.8995811507824
909.1337158706192
907.8996432898077
908.6437788928599
910.9000612313479
912.9220064753289
913.8996181260543
914.3715292144548
914.8998571817926
915.4528675470943
915.9000004697127
916.1228049819584
915.8996808843365
915.9001828242734
918.2436600684675
924.1004843505333
931.1459556756216
935.6711843526485
936.8999755428854
937.1004525133446
937.9401833374405
938.8997845408815
939.1121039800247
938.9003564467116
939.0046370643488
939.0998968754367
938.1002668635705
936.9792815147301
940.4703141072478
953.0998760391258
973.2377127637864
993.9003187200904
1009.7290526528747
1020.9904673729337
1031.0995594613928
1042.0998212497732
1052.6443881400055
1060.0995896030302
1064.5461109225544
1069.33150164327
1076.9003530820428
1085.7445219922586
1092.5467461922642
1095.9001044184656
1096.9002697983528
1097.099711517689
1097.079470390203
1097.099906055545
1097.9086797121456
1099.3412780724227
1098.8996140250676
1094.4086908521494
1088.1814707125232
1085.9004364692064
1090.886635333091
1101.0998181866607
1111.4925548357503
1118.1004113314868
1120.3393513656315
1120.099750690743
1118.9418442774117
1117.1001558186233
1114.8995978238916
1112.8587708753544
1110.359233196108
1106.900347742541
1104.221439512205
1103.8996629709839
1103.899656011256
1101.3653536467048
1097.360907293313
1094.899526115244
1094.4051616156562
1094.900343557927
1096.271445669958
1095.8998695853581
1087.1542832842918
1066.9002619307776
1041.5997580024139
1021.1002922416312
1008.8996982057945
1002.0998584837627
997.6320219543508
994.6513453974611
993.0997587314107
992.9830768227959
994.1000908686701
995.329404594674
995.0904440985169
992.8999104775958
989.8999889041594
987.8439816765398
987.9000068658237
990.0964127703343
993.0570660018185
994.5840214229789
994.0998606969788
994.1004206609416
996.8515592802275
1000.5446431263963
1001.8995741310241
1001.2226861870568
1001.0997462742305
1001.7942811548937
1002.0996873294529
1002.900326027469
1005.5297355799335
1008.2806132238441
1008.9322536896221
1009.0998458346706
1011.2307731614794
1012.8997991868611
1010.0741342028127
1005.0997581242718
1004.6793258709838
1010.0663774385472
1015.8999574896272
1018.5495251342257
1019.1003047527472
1018.4788920941614
1015.9036887098792
1012.10019397719
1009.0714552639226
1006.9004172999173
1004.3607299292253
1001.8997478692697
1000.9154138320632
1000.9001705710211
1000.3752054423625
1000.099692842262
1002.0998383055754
1005.8819527339965
1009.020899396805
1011.0999312736716
1013.5189865676753
1015.7288041966051
1015.5723743636628
1014.099598932962
1015.8996484866595
1021.6629763740343
1023.8997999397466
1015.3605997371726
999.7177323857214
987.6468690049479
983.692511613472
983.9003784790725
985.0998592590269
988.415614373981
993.5047545546466
996.900008542316
997.290100973994
996.8999238257841
997.0720859970509
996.9003474021956
996.1753877461759
995.8999830882007
996.0726311005576
995.9317529685856
995.9003717042767
996.7427035550511
997.5632508464765
997.0997324474567
996.1002706377054
996.1001369650126
996.8875966239438
997.2037538279883
996.9003863953593
996.899934960673
997.7419985562644
998.9004047574607
999.3222922704026
998.7289614535657
998.1003342772217
998.0999894761358
997.7651161517451
996.100254728237
993.9737909549306
992.8999528807783
992.9489104080354
993.1004746648891
992.8997104383571
992.9002700071522
993.3494147976288
992.8999060001009
990.1034663026394
986.2100477642848
984.0999493577517
984.3659725215826
985.1000356291835
985.1579486671102
985.030876396587
985.1002052710255
985.1004308156337
984.9345583542508
984.8998160662463
985.1000563757236
984.8946784678694
983.328714549926
980.4952587005727
977.9198790043331
976.8998635586992
977.0248906433401
977.1002765113313
976.9001610783426
977.0998899355021
977.9004246233187
978.5116389183961
977.8999372943849
975.8451888698949
973.4194196049607
972.09982567346
972.0997087309388
972.3023593772849
972.1004447617472
972.1001559328735
972.7150480756158
973.2747846066812
972.900456582021
971.8997064442904
972.0997911320504
974.9653019519598
979.2335487657118
981.9673212853679
982.0998696731036
981.1771890376075
980.7555612016238
980.9003267603931
981.099649419895
981.1002953336572
980.8995112000391
980.9000742262675
981.6192125926857
982.5180461954631
982.0998188174733
979.9004253384198
977.166825500519
974.9000991245827
972.5602554350409
969.4943169926177
966.486431851718
964.9001635208447
964.899739243975
965.2926710657392
964.9001599259504
963.741799853869
962.899992992328
963.1471664021768
963.9004514379892
964.1003451481013
963.9001060132275
964.5415120363866
966.5854056676778
969.153970091734
970.8995167936484
971.062637016723
969.8100312642961
968.0996601341215
967.0069603086561
966.9001960710672
967.3867016870031
967.8999177578426
968.100291798333
967.9898473009712
967.899649799823
968.0659853278167
968.0999857665847
967.5554263958962
967.0999858353521
967.7697595744733
968.9482304151303
969.0448466161486
968.1818070386897
967.9001765316369
968.4096459916366
968.5342591266791
968.1003329944687
968.1000761806216
968.7117161941626
969.1001834189794
968.8997404546869
968.3823720004714
967.7006089552988
967.1001885603224
967.0998904289268
967.6757012872849
968.1001789927333
968.0165022075386
967.8995437993095
968.1001261076592
968.099801151288
967.6286562115948
968.1000976138184
970.9914518775945
974.7479095979537
975.8999890747174
973.6355185035026
970.9002944113523
970.9000409967493
974.2582921946383
979.1241637381734
982.7411375803708
983.4643532418066
982.0998886958769
980.9001137170139
981.037674476837
981.7659237048831
982.0995487871363
982.0999271829539
982.0996803745238
981.9004588750238
981.35794674726
980.8999427793369
980.9255940039918
981.1002482943131
980.8997382907336
981.1002252684877
983.776465214642
989.780553581158
997.1000043054094
1002.900063414536
1006.354507798918
1008.480582773954
1010.2070944200634
1011.899826769629
1014.1001828752765
1017.0996823671097
1019.9835836033706
1021.9000827975188
1024.0997171974818
1028.4056479307394
1033.902444766626
1037.9000350532851
1039.7577642846259
1040.8995726080122
1041.8662190616649
1042.1266510933724
1041.8999383011976
1041.9167240719019
1042.100076252977
1041.8998458438507
1041.3338288507425
1040.9004964548164
1040.9000712033483
1041.2123021811367
1041.5635190430746
1041.8999794260717
1042.160299946017
1041.8244431049768
1040.930197185924
1040.9001023387427
1041.618976071492
1038.8101526742869
1028.8999950919476
1015.7258263961011
1007.1003972325108
1005.4159416269055
1006.8998844634863
1008.7162038008594
1011.1002489221898
1013.7187009940654
1015.0998223206277
1015.100138664375
1014.8101583945901
1014.9001892683133
1015.4848500136634
1016.4034134243176
1017.0999926219422
1017.1004098781151
1016.5803251864455
1016.099725079054
1016.1000624376676
1016.7000211948834
1017.3640697423041
1016.8998225412192
1015.2286723563708
1015.1002411133635
1019.3551554784761
1026.2348877271877
1030.8998160916794
1031.6929282515725
1031.0731436857986
1030.8998288419361
1030.8996913982621
1031.1004786347235
1032.055764514402
1033.1001426047703
1033.100503321132
1032.662098961673
1033.56618244024
1035.8998290302086
1037.4693618736167
1036.7439724179942
1034.8998817958511
1033.9453833126456
1034.0998697842
1034.2671050883537
1034.0999441145916
1034.100295841419
1034.3899369996911
1034.8997651438247
1035.989734584706
1037.6031431922142
1038.900424765425
1039.5176725079898
1039.8762882344092
1040.0999002344647
1040.100173915594
1040.5102205951546
1041.730274465657
1041.9002822844238
1037.9088166296556
1029.543085663657
1020.9005067953743
1016.1002893967719
1014.9827987774845
1014.7044145562687
1014.0940987763371
1014.1001596127659
1014.8997088253857
1015.2801224078014
1014.9001982901558
1014.8998511211682
1015.3601533177965
1013.6329335880779
1006.9005000306197
995.9735424991757
984.9702730532797
977.5383717967485
974.8996505323339
976.8997795346461
982.3846326780613
988.0809157249912
990.0999304768967
988.8402168431734
990.100422808517
997.8388629780294
1007.4816985265468
1010.9003282627239
1006.9731931122006
1002.1004978655374
1000.8996848474484
1001.8999190473636
1002.5070083634604
1002.8997263504149
1003.8229410675327
1004.6207949796694
1005.1004833558545
1006.3843100205327
1008.3903131701935
1009.1004008627134
1008.0141518996404
1007.9003588422632
1011.0033180237845
1015.4547895097837
1017.900402075705
1018.100109833684
1018.0701300420488
1018.1004289343015
1017.094596701135
1015.81673673692
1016.1000615759342
1017.4974871432655
1018.1002996407947
1017.8998812721507
1018.100305409172
1017.9256743967366
1015.4246843556022
1011.1414621682202
1008.100223909104
1007.9004100376357
1008.6168523759561
1006.8996880252372
1001.722626476853
995.8932265956786
993.1000098625435
993.6430879294282
994.7365560695117
994.6441480330051
994.099917833048
993.8999533555849
993.8727880343321
994.2248164688364
995.0998866775467
994.8995079247186
991.9191815069472
987.5388349336852
985.1836641727523
986.0999094163672
988.0999674195474
988.6850125239757
987.8600132607895
987.0918174277039
986.9001505686616
986.932416494355
987.0998452010974
987.1002972182822
986.3111124741037
985.2227385676415
985.1001543667066
985.8062338554411
986.1004874458821
985.8999421583364
986.1004683900663
986.72783087753
987.0999497676577
987.1003079078879
987.0113871193664
986.9002591412693
986.9019119843304
987.3139274738672
988.09993637291
988.9004336766349
989.5018193596321
989.8997151125129
990.0999912169489
990.0996109742517
989.9628797739238
989.90022238921
990.0936951594025
990.0997322853764
988.8569665555141
986.0224281611463
982.8997392687247
981.2695669119796
981.4959327565455
982.0997837735125
981.1003361298908
978.0646309764721
974.772799635205
973.100249927242
972.8866019200564
973.1002172015418
973.7181058382226
974.8997290923905
975.9001956941297
976.1092035308449
975.8998954617458
975.8999545406517
976.2669716140217
976.7605312712458
977.0999903214762
977.0238906088867
976.0996098852561
974.2534112367382
972.5291043297735
972.0997325477862
972.6651292839346
973.0995421823148
973.0612065202688
972.9001477717402
972.8998496765125
973.1003672467131
973.0999292875341
972.6763723520581
973.1003217885963
975.8116765388279
979.4151088278995
980.8995872433924
979.9475821688453
978.900072974273
978.8996675443665
979.10043495221
978.9746620092837
978.8998730624728
979.0254522400304
979.1003562411861
979.0382814726418
978.900107862189
978.5531311224062
977.8361638639628
977.1001266562062
977.09988285743
978.0454712243442
979.1004449382867
979.0999128487592
977.6667657958303
975.412598415143
973.1002732195869
971.490191548588
972.0995616303655
975.9474649473035
980.8815791670378
982.8998117130895
980.9376560235557
977.8998122468466
976.9002434374987
978.7770885391158
982.7677871357811
987.0999380527338
989.1002433579697
987.3249423075293
984.0998100131002
983.5096117140869
986.2277842687031
988.8998894856499
989.0997729244484
988.0244708933528
987.6403600988357
987.9000167387334
987.8996140952767
987.5922053527393
987.1001514292423
986.4573732012836
987.0997388062636
990.8254477186227
996.3098616720474
999.9002667783534
1000.4464673916895
1000.0996730772167
1000.4389234391863
1000.910579782518
1000.8998782362988
1000.8995741121266
1001.2316109508661
1000.8998694895691
998.8661670867449
996.1811710920523
995.099557725143
995.8998723115972
996.5731099666583
995.7841731072433
994.1681910017431
992.9002930587275
992.9001189590523
994.7219536166511
997.1004514844203
996.9024433254757
993.0996450339387
989.2372139588865
989.2086011025921
992.0999610119362
993.8957190838148
993.1000139823716
991.8997864122105
992.0276482625832
992.4041900325908
992.1002020996816
993.0289743265465
997.0205105744458
1001.5939227844327
1001.7500409226312
996.0999297898838
988.8844316554192
985.2700522301143
986.3856595197
989.6202638032738
992.0978863185247
992.9001434642167
992.8996691162051
993.0999841742281
993.099576166117
991.7731974255254
989.3116172739193
987.0999655609922
985.7868428329227
985.0996448862993
984.9003096192656
984.9767230608869
984.8998249065693
984.9002719480682
985.2208453159341
984.899964617048
984.300460721275
987.855788952634
999.1001297762933
1013.4008697074696
1021.8997665277734
1022.7603639856766
1022.1001746726415
1023.899532450258
1025.8998087492662
1025.932115026496
1025.5314199579802
1025.8998527634665
1025.95117093682
1025.900189964489
1027.9935354237389
1032.1715458351507
1035.0996315451355
1034.8997792725772
1033.484076703614
1033.2094633273528
1034.099874269367
1035.007593168332
1035.1002257864354
1033.8600656926797
1031.4869476110543
1029.382415793167
1028.9206401374972
1029.8997965025442
1031.0997481104996
1031.9003193911176
1032.5517245258
1033.6079171319254
1035.9002476714625
1039.9084748343987
1044.3436115974848
1046.900436910398
1047.0998165052315
1046.7067668022405
1047.1004737968349
1048.0630157750745
1049.099827842636
1050.0999382372863
1050.81696866293
1051.0982499144907
1051.0999568540176
1050.6615098978489
1049.9002309642765
1049.9005105009176
1049.6102758320203
1043.2989664517006
1026.6618945955454
1005.1618483335694
990.0998672783711
986.0447593048539
987.9002258900824
990.0996590989945
992.1001680767936
994.1054151329
994.0999348127156
992.330224123011
994.1001972855812
1003.3884868729824
1015.899764103817
1023.461436348458
1024.1863256124898
1023.1001068123664
1023.7463520715967
1024.9002380852828
1025.0999742590411
1024.9950210156223
1024.9001263870766
1024.0562873370816
1022.8688640711581
1023.0995244770951
1025.100129096456
1026.8997701957542
1026.996061190794
1026.2293146616532
1025.9001243124997
1025.9967056640548
1026.1000696687186
1026.0996398641853
1025.7420733528404
1025.0999851000656
1024.8997484734564
1025.1003999941927
1024.5264567999723
1022.9773525234477
1021.9000549180957
1022.0064591077784
1022.1001813854413
1021.2382025909236
1020.2236715443464
1019.8996526298941
1019.9004046323334
1020.0783139179623
1020.6159409699638
1019.8999592706315
1015.8386849025543
1010.1274643151644
1007.1003139267722
1007.7546606013353
1009.049039882802
1009.0999940715287
1008.9002575191577
1009.0972027997037
1009.0174900431135
1008.9001973758329
1009.5984522240065
1009.9003479402603
1007.5318606121097
1003.1654752583496
1000.0998793764285
999.662933619346
1000.100470555222
1000.0218227702237
999.9000887402339
1000.1004937419266
1000.0875498089407
999.8999285186295
1000.1205475362964
999.9002911458407
997.3725537110995
992.8145468541522
989.1000052815913
988.2036578967297
989.147884604734
989.9003077429996
989.8996939272566
990.1003815269777
990.8996898995131
991.1001015963205
990.2786693705801
991.09968607889
996.255283949333
1003.5855950584859
1007.8997119563381
1007.4483939793386
1005.0995810799119
1003.7035764136172
1003.5783003317165
1003.9003615521095
1004.0407631367219
1003.8999110958661
1003.9247875831012
1004.1001524288793
1002.9723084925097
999.0231935662173
993.0773398219385
988.0406202496812
985.899534287593
985.8995141073184
986.1003472346903
985.897959240366
986.1085314818462
986.8996212131202
987.052222912292
985.9000151958867
984.6968130020877
984.8996631128222
986.1001666258297
986.899678307181
987.0147597017959
987.1002863031944
987.0996065172304
986.7038990398867
987.1000916956078
989.5679588486232
992.4662071870943
992.8995929096559
991.1717160363728
990.1001344226734
990.5587506279895
991.0998035031619
991.0297869981184
990.9003108805996
990.9046231534073
990.8995720971146
991.0345747579813
991.0999107677719
990.5741803977932
990.1001153825073
991.0999706745466
993.3299721065328
994.9120608506747
995.1003433908261
994.8999241144222
995.0106089096796
995.1004356042803
994.9583191307705
994.8999710815876
995.0502266159143
995.1003677656411
994.89985377636
994.755931027201
994.8998537006036
995.1001097592928
995.0997308161461
994.9840703132508
994.9064480101367
994.8998512721945
994.9945248386485
995.0998569606979
994.9001432546115
994.2954746546965
993.8098291281345
994.0939445541661
994.9002560669694
995.0997873211375
994.4988774092409
995.0999134060124
998.7727611310992
1003.898460571261
1006.8999785327505
1007.1000374175837
1006.9071148111027
1007.1004386716177
1005.6838525836909
1002.0997391335324
998.9120001365281
998.1001746889715
998.6952581719157
999.0997540741238
999.1003125326517
998.8390178187828
998.0512603952121
996.8999139043822
996.1002452921869
996.0960192990032
996.899569694418
998.3367176200125
999.9002385073532
1000.8996732808483
1001.1004603293901
1000.8996600403814
1000.9003284057782
1001.3639991816416
1001.8998662997744
1001.9004647681883
1001.2028211736308
1000.0378838357741
999.0998223564263
999.9000274341861
1003.5502068774795
1008.8500053072685
1012.899839920148
1013.4763251066328
1010.0925742368522
1003.9000398444537
997.3422039051572
992.8997956189577
991.8999354830427
994.6590515729832
1000.4399321675585
1006.8115046904894
1010.8997429966613
1012.100204491462
1012.1000827636605
1011.9921204387142
1011.3511477656709
1010.3083566846632
1010.1002669193837
1011.0840704845198
1012.100078200411
1012.099800231703
1011.2657147916078
1010.2760537480268
1008.8999046377455
1006.205530551419
1002.7273686977048
1000.8996745326425
1001.9013805380208
1003.8622970479203
1004.9005042881391
1005.6812281644311
1006.8999211258412
1006.9287907149004
1004.9003589762059
1003.899876318329
1007.7945091690859
1016.3031665954019
1025.9002284739945
1033.9950663362442
1039.8995463570634
1043.8347771565727
1047.1003302150452
1050.8998961615014
1054.0599935002228
1055.1962588186625
1057.1004618705865
1064.1277866620853
1074.9158433729963
1083.0101031621239
1085.324598283838
1084.8995669797462
1084.8999509416337
1085.0995466784484
1085.255053781682
1087.1001303824037
1090.89966083546
1093.7372028923735
1093.9005032746563
1094.0997983304865
1097.357010091324
1102.100260661618
1104.686322294888
1104.8997235556396
1105.1789961940194
1105.9000503572852
1105.8844416837037
1106.0999869276504
1107.0997814147565
1103.9564906658202
1090.8162243006652
1070.6686008896138
1054.0222084318177
1047.0996560850865
1046.696604089769
1047.0996591673184
1046.9405469901312
1047.899975683112
1050.4118708062265
1052.899643221586
1054.031386676789
1054.1002114063726
1054.0999720751804
1054.4158904609424
1054.6292224111392
1053.8998903945335
1051.8996363324484
1049.9679279627685
1050.1004711947162
1052.1649577537075
1053.8998321337976
1054.100077053282
1053.7118697188255
1053.4494159466026
1052.477895868984
1049.8999315482215
1045.7240123035122
1040.3207904259416
1034.8999592075809
1031.9824917060491
1032.8995936479705
1035.5823305427643
1037.100275619144
1037.0995540467882
1036.8999486844464
1036.8995845843913
1036.4979084473357
1035.4223316965483
1034.1002708983144
1033.026984765646
1032.0999864743962
1030.9054783451284
1029.6201351191683
1028.9001037062808
1028.8995541801733
1029.100123720524
1029.0312193501832
1028.8997218567677
1029.474387700867
1030.9000794609583
1031.8998749330597
1031.2101620643637
1029.4017501549456
1028.100014177169
1027.8995134224558
1028.1001336137756
1028.0586145971517
1027.8999564319395
1027.9695632722412
1028.1003872415451
1027.7620987980788
1026.9712078727503
1026.485622504286
1026.6295371654662
1026.6543678509825
1026.1001023311376
1025.8998447600716
1026.8339352666003
1027.899873944805
1027.8995668958148
1027.2116418619248
1025.9000026956528
1022.267358462584
1016.0995677712377
1010.8890412222305
1009.707046649732
1011.1000095825761
1011.8998265577424
1011.9004899695095
1012.8032364405605
1014.358760304456
1014.9003244167224
1014.6123632580418
1014.9004523880541
1015.0999704197305
1013.0213239333314
1008.7023086788084
1004.9001378608567
1003.5295123747867
1003.7711869354183
1004.09969624644
1004.1002424828614
1003.7617825970075
1003.0997914048407
1002.9001501359871
1003.5126864128968
1002.8998747359852
998.8811923857292
993.2310607854489
990.1000451003289
990.5297390150856
991.8999075625685
992.2211299615149
991.9003155158276
991.8997910599711
992.1965170583833
991.9002237758843
991.0240905804387
992.0998931887385
997.5397959222136
1005.1325852191238
1009.9003866020893
1010.561014776305
1010.1001873663514
1010.5147871241272
1011.1000588625413
1011.1229821552585
1010.9001789998442
1010.899783913751
1011.1847804344842
1010.8999721618924
1008.7413748254878
1005.0544111580841
1002.0995193304431
1001.355544527437
1002.0998863048576
1002.8995399765641
1003.1002939502129
1002.9209961339575
1002.8999900238898
1003.1003152659986
1003.0301834390378
1002.8997308578164
1003.9105356952831
1005.9001861580091
1006.0999670848381
1002.5068819661223
997.2588490021053
994.100360745228
993.7155579122082
994.0996354528864
994.0999351263747
994.0018603611345
993.9183999396855
993.9002065025826
994.638676168374
996.3813494542745
998.1004761767412
998.8996939226639
999.0999466326037
999.0995154323189
998.8308750979212
999.1002792404373
1001.0853825599113
1003.6419596478665
1003.899792021783
1001.3775154113715
998.9002889103156
998.8999382686985
1000.8379538344196
1002.5973974930616
1003.100439560472
1002.9701268409922
1003.0175860547192
1003.1000272603136
1002.9002358503757
1002.566327547026
1001.8998154546588
1000.5011313957324
999.163391384488
999.1001920866852
999.835245833548
1000.1000507606421
1000.1383330051832
1000.8996940722911
1001.9002207066934
1001.6843098086938
999.9024522684997
998.1003934507017
998.2919610957674
1000.6285869176093
1003.1002340212017
1004.0348870117818
1003.9000122288433
1003.935653638364
1004.1004304464902
1003.5307704169397
1002.4172664845062
1001.8998912758775
1002.1002222867166
1001.8997450848736
1000.9003957690292
999.6642255627895
997.9001193107501
995.2649470561679
994.1002269818842
997.3542843807177
1003.3126488576377
1006.9000886233732
1006.5296506845262
1005.1002208079365
1004.5311244548238
1004.1001917654025
1003.8999860707415
1005.4063987380441
1008.28179310105
1010.1002611504679
1009.8998437859946
1009.405670840226
1009.9002847345818
1010.09973634233
1008.5014695955517
1006.1000920741157
1004.8996482325031
1004.9317469544574
1004.9003108761622
1004.8996544751136
1006.03321603349
1007.9002314963469
1008.9915935832244
1009.1000452468081
1009.0321546738587
1008.9004954400481
1008.8999400040558
1010.0504323443267
1011.9001936672107
1011.8618055251503
1009.0997629256217
1006.2804543407915
1005.3930650099915
1004.8997574128891
1003.0995353135371
1001.5552557378387
1002.7457117502307
1005.9001960100699
1007.8999419028147
1007.9415773674828
1008.1004959802182
1008.8999614988422
1008.4582617269643
1007.100345959131
1008.0681051179582
1012.1094205840595
1015.9000382335097
1017.1003793770478
1016.9122177324678
1016.90008753245
1016.8547736959723
1016.4197424504022
1016.1003631319056
1016.0613796731772
1015.8999142589538
1015.9823285617548
1017.1343397953013
1018.8661286169399
1019.900186253721
1020.1075563087983
1019.9002867173836
1018.8920444494323
1017.1619139309103
1015.9004967134263
1014.8998979988626
1012.1001715809949
1008.2262427923912
1009.0995680343543
1019.1779276164624
1034.2067164165887
1044.9000195068388
1047.2941584184327
1045.099819110208
1042.9387532810003
1042.1002228103405
1042.0998720204282
1041.5585404401872
1037.3579461102825
1026.9666690418874
1012.9004079019669
1001.9392507035241
998.100035926462
998.732310625128
999.1003963021598
997.8785245924628
996.4580700824932
995.9000987919725
996.2506903454356
996.9002504060107
997.0875327796601
996.8999414689251
996.8892802440886
996.6983447969276
995.9004618760293
995.4019040084238
995.9001366494832
996.7182762686757
998.100435220358
1001.7462629405479
1007.1668547568031
1010.8997417290203
1011.1002457971018
1009.899767459301
1009.9002457819513
1010.8443264026397
1011.302320092826
1011.8999352854835
1013.5424872420426
1010.9000516536468
990.1366443658901
936.9700948046685
848.7684030103023
739.3014108778063
631.9572366951007
546.9576275728372
492.2463341275544
463.8164178227637
452.9620979589912
453.89451801385496
467.9769779068987
503.9732881358201
572.998828355833
677.4288472357402
800.4387313771571
909.5096378081686
977.392557411391
1002.100304407257
1003.963416764391
1003.9003862666975
